1      -0.29

2      -0.29

3      -0.22

4      -0.39

5      -0.30

6      -0.28

7      -0.26

8      -0.28

9      -0.28

10      -0.30

11      -0.28

12      -0.28

13      -0.25

14      -0.27

15      -0.25

16      -0.27

17      -0.29

18      -0.28

19      -0.27

20      -0.26

21      -0.26

22      -0.27

23      -0.24

24      -0.33

25      -0.32

26      -0.22

27      -0.23

28      -0.23

29      -0.18

30      -0.28

31      -0.30

32      -0.29

33      -0.21

34      -0.22

35      -0.23

36      -0.30

37      -0.38

38      -0.28

39      -0.31

40      -0.23

41      -0.25

42      -0.25

43      -0.26

44      -0.29

45      -0.24

46      -0.22

47      -0.24

48      -0.17

49      -0.28

50      -0.28

51      -0.28

52      -0.28

53      -0.22

54      -0.24

55      -0.25

56      -0.27

57      -0.26

58      -0.27

59      -0.26

60      -0.27

61      -0.24

62      -0.27

63      -0.26

64      -0.28

65      -0.25

66      -0.21

67      -0.24

68      -0.24

69      -0.26

70      -0.27

71      -0.28

72      -0.26

73      -0.24

74      -0.24

75      -0.27

76      -0.29

77      -0.28

78      -0.28

79      -0.25

80      -0.18

81      -0.22

82      -0.26

83      -0.23

84      -0.25

85      -0.27

86      -0.23

87      -0.22

88      -0.24

89      -0.26

90      -0.25

91      -0.26

92      -0.24

93      -0.23

94      -0.18

95      -0.20

96      -0.24

97      -0.22

98      -0.22

99      -0.23

100      -0.25

101      -0.19

102      -0.20

103      -0.24

104      -0.23

105      -0.27

106      -0.25

107      -0.22

108      -0.24

109      -0.24

110      -0.24

111      -0.20

112      -0.23

113      -0.18

114      -0.19

115      -0.19

116      -0.26


